      0/19     5.26G   0.04243   0.02828         0    0.0707       184      1024    0.7034    0.9952    0.9808    0.7571   0.01814   0.01604         0
      1/19     6.16G   0.03065   0.02205         0   0.05269       103      1024    0.8143    0.9969     0.988    0.8109   0.01523   0.01356         0
      2/19     6.16G   0.02811   0.02081         0   0.04892       168      1024    0.8523    0.9974    0.9903    0.8344   0.01389   0.01241         0
      3/19     6.16G   0.02598   0.01984         0   0.04582        73      1024    0.8748    0.9981    0.9911    0.8544   0.01276    0.0114         0
      4/19     6.16G   0.02491   0.01924         0   0.04415       151      1024    0.8883    0.9981    0.9919    0.8642   0.01215   0.01081         0
      5/19     6.16G   0.02419    0.0187         0   0.04289       108      1024    0.8972    0.9981    0.9927    0.8757   0.01162    0.0104         0
      6/19     6.16G   0.02363   0.01835         0   0.04199       103      1024    0.9023    0.9984     0.993    0.8816   0.01135   0.01015         0
      7/19     6.16G   0.02313   0.01805         0   0.04118        96      1024    0.9061    0.9985    0.9932    0.8862   0.01113  0.009918         0
      8/19     6.16G   0.02272   0.01777         0    0.0405       153      1024    0.9082    0.9985    0.9933    0.8888   0.01096  0.009768         0
      9/19     6.16G   0.02235    0.0175         0   0.03985       134      1024     0.911    0.9985    0.9935    0.8922   0.01081  0.009637         0
     10/19     6.16G    0.0219   0.01721         0   0.03911       123      1024    0.9135    0.9987    0.9936    0.8947    0.0107  0.009523         0
     11/19     6.16G    0.0216   0.01705         0   0.03865       120      1024    0.9157    0.9987    0.9937    0.8969   0.01059  0.009414         0
     12/19     6.16G   0.02128   0.01684         0   0.03812        76      1024    0.9172    0.9987    0.9937    0.8988   0.01049  0.009321         0
     13/19     6.16G   0.02089   0.01666         0   0.03755       122      1024    0.9191    0.9988    0.9938    0.9008   0.01039  0.009233         0
     14/19     6.16G   0.02066   0.01647         0   0.03712       178      1024    0.9213    0.9988    0.9939    0.9016    0.0103  0.009149         0
     15/19     6.16G   0.02034   0.01623         0   0.03656       169      1024    0.9243    0.9988    0.9939    0.9039   0.01021  0.009059         0
     16/19     6.16G   0.01999   0.01589         0   0.03588       133      1024     0.926    0.9988     0.994    0.9058   0.01012  0.008968         0
     17/19     6.16G   0.01973   0.01575         0   0.03548       128      1024    0.9288    0.9988     0.994    0.9066   0.01004   0.00888         0
     18/19     6.16G   0.01957   0.01564         0   0.03521        98      1024    0.9314    0.9989    0.9941    0.9087  0.009973  0.008794         0
     19/19     6.16G   0.01943   0.01549         0   0.03492       103      1024    0.9338    0.9989    0.9942    0.9103  0.009907  0.008709         0
