0.000000 2934.000000 115.000000 71.000000 -22.000000
0.000000 3618.000000 109.000000 -9.000000 -40.000000
0.000000 3546.000000 105.000000 2.000000 -36.000000
0.000000 3490.000000 106.000000 12.000000 -41.000000
0.000000 1027.000000 165.000000 -420.000000 103.000000
0.000000 898.000000 327.000000 -549.000000 28.000000
0.000000 1422.000000 274.000000 -371.000000 238.000000
0.000000 1390.000000 46.000000 -328.000000 244.000000
0.000000 3485.000000 100.000000 20.000000 -66.000000
0.000000 1876.000000 31.000000 84.000000 42.000000
